$ mpirun -np 4 a.out 100 0.001 100 1 10
    0.1000000000E-01     4.702827617        0.1771928033E-02     4.701055689    
    0.2000000000E-01     4.702827626        0.7892927328E-02     4.694934698    
    0.3000000000E-01     4.702827642        0.1837002017E-01     4.684457622    
    0.4000000000E-01     4.702827665        0.3317709704E-01     4.669650568    
    0.5000000000E-01     4.702827695        0.5227686296E-01     4.650550832    
    0.6000000000E-01     4.702827732        0.7562093560E-01     4.627206796    
    0.7000000000E-01     4.702827776        0.1031499730         4.599677803    
    0.8000000000E-01     4.702827826        0.1347938303         4.568033996    
    0.9000000000E-01     4.702827883        0.1704717454         4.532356137    
    0.1000000000         4.702827946        0.2100925533         4.492735393    
$ mpirun -np 10 a.out 100 0.01 10000 1 1000
     10.00000000         3.722050209         1.842610626         1.879439583    
     20.00000000         3.722032524         1.797563561         1.924468963    
     30.00000000         3.722077769         2.168391834         1.553685935    
     40.00000000         3.722031032         1.941015237         1.781015795    
     50.00000000         3.722060255         2.245394368         1.476665887    
     60.00000000         3.722030552         1.886972846         1.835057706    
     70.00000000         3.722014262         1.424723944         2.297290318    
     80.00000000         3.722015565         1.588637572         2.133377993    
     90.00000000         3.722054717         2.050867325         1.671187392    
     100.0000000         3.722029654         1.901704803         1.820324852    
$ mpirun -np 10 a.out 1000 0.01 10000 1
   6.3949859142303467     
